0	1.02	-0.025	-0.025	10.2	NAN
0.1	0.03	-0.06	-0.06	0.3	NAN
0.2	0.03	-0.065	-0.065	0.3	NAN
0.301	0.06	-0.06	-0.06	0.6	NAN
0.401	0.075	-0.06	-0.06	0.75	NAN
0.501	0.105	-0.06	-0.06	1.05	NAN
0.601	0.135	-0.06	-0.06	1.35	NAN
0.701	0.165	-0.06	-0.06	1.65	NAN
0.801	0.195	-0.06	-0.06	1.95	NAN
0.901	0.225	-0.06	-0.06	2.25	NAN
1.001	0.24	-0.06	-0.06	2.4	NAN
1.101	0.27	-0.06	-0.06	2.7	NAN
1.201	0.3	-0.06	-0.06	3	NAN
1.301	0.33	-0.06	-0.06	3.3	NAN
1.401	0.36	-0.06	-0.06	3.6	NAN
1.501	0.39	-0.055	-0.055	3.9	NAN
1.601	0.39	-0.045	-0.045	3.9	NAN
1.701	0.42	-0.045	-0.045	4.2	NAN
1.801	0.45	0	0	4.5	NAN
1.901	0.48	0.085	0.085	4.8	NAN
2.001	0.51	0.22	0.22	5.1	NAN
2.101	0.54	0.49	0.49	5.4	NAN
2.201	0.555	0.58	0.58	5.55	NAN
2.301	0.585	0.495	0.495	5.85	NAN
2.401	0.615	0.195	0.195	6.15	NAN
2.501	0.645	0.005	0.005	6.45	NAN
2.601	0.675	-0.01	-0.01	6.75	NAN
2.701	0.69	-0.045	-0.045	6.9	NAN
2.801	0.72	-0.055	-0.055	7.2	NAN
2.901	0.735	-0.055	-0.055	7.35	NAN
3.001	0.765	-0.06	-0.06	7.65	NAN
3.101	0.795	-0.055	-0.055	7.95	NAN
3.201	0.825	-0.035	-0.035	8.25	NAN
3.301	0.84	-0.025	-0.025	8.4	NAN
3.401	0.87	0.005	0.005	8.7	NAN
3.501	0.9	0.135	0.135	9	NAN
3.601	0.93	0.41	0.41	9.3	NAN
3.701	0.96	0.77	0.77	9.6	NAN
3.801	0.975	1.315	1.315	9.75	NAN
3.901	1.005	1.695	1.695	10.05	NAN
4.001	1.035	2.02	2.02	10.35	NAN
4.101	1.065	2.005	2.005	10.65	NAN
4.201	1.095	1.58	1.58	10.95	NAN
4.301	1.11	1.03	1.03	11.1	NAN
4.401	1.125	0.505	0.505	11.25	NAN
4.501	1.155	0.085	0.085	11.55	NAN
4.601	1.185	-0.02	-0.02	11.85	NAN
4.701	1.215	-0.05	-0.05	12.15	NAN
4.801	1.245	-0.05	-0.05	12.45	NAN
4.901	1.26	-0.045	-0.045	12.6	NAN
5.001	1.29	-0.025	-0.025	12.9	NAN
5.101	1.32	0.005	0.005	13.2	NAN
5.201	1.35	0.135	0.135	13.5	NAN
5.301	1.38	0.435	0.435	13.8	NAN
5.401	1.395	0.82	0.82	13.95	NAN
5.501	1.425	1.31	1.31	14.25	NAN
5.601	1.44	1.89	1.89	14.4	NAN
5.701	1.47	2.51	2.51	14.7	NAN
5.801	1.5	3.06	3.06	15	NAN
5.901	1.515	3.495	3.495	15.15	NAN
6.001	1.545	3.41	3.41	15.45	NAN
6.101	1.575	2.865	2.865	15.75	NAN
6.201	1.605	2.065	2.065	16.05	NAN
6.301	1.635	1.29	1.29	16.35	NAN
6.401	1.65	0.715	0.715	16.5	NAN
6.501	1.68	0.29	0.29	16.8	NAN
6.601	1.71	0.03	0.03	17.1	NAN
6.701	1.74	-0.01	-0.01	17.4	NAN
6.801	1.77	-0.01	-0.01	17.7	NAN
6.901	1.77	0.01	0.01	17.7	NAN
7.001	1.8	0.105	0.105	18	NAN
7.101	1.83	0.385	0.385	18.3	NAN
7.201	1.86	0.79	0.79	18.6	NAN
7.301	1.89	1.395	1.395	18.9	NAN
7.401	1.905	2.05	2.05	19.05	NAN
7.501	1.935	2.795	2.795	19.35	NAN
7.601	1.965	3.58	3.58	19.65	NAN
7.701	1.995	4.415	4.415	19.95	NAN
7.801	2.01	4.92	4.92	20.1	NAN
7.901	2.04	4.98	4.98	20.4	NAN
8.001	2.07	4.565	4.565	20.7	NAN
8.101	2.1	3.71	3.71	21	NAN
8.201	2.115	2.74	2.74	21.15	NAN
8.301	2.145	1.855	1.855	21.45	NAN
8.401	2.16	1.18	1.18	21.6	NAN
8.501	2.19	0.68	0.68	21.9	NAN
8.601	2.22	0.385	0.385	22.2	NAN
8.701	2.25	0.26	0.26	22.5	NAN
8.801	2.28	0.3	0.3	22.8	NAN
8.901	2.295	0.42	0.42	22.95	NAN
9.001	2.325	0.715	0.715	23.25	NAN
9.101	2.355	1.17	1.17	23.55	NAN
9.201	2.385	1.68	1.68	23.85	NAN
9.301	2.415	2.41	2.41	24.15	NAN
9.401	2.43	3.36	3.36	24.3	NAN
9.501	2.445	4.26	4.26	24.45	NAN
9.601	2.475	5.325	5.325	24.75	NAN
9.701	2.505	6.09	6.09	25.05	NAN
9.801	2.535	6.47	6.47	25.35	NAN
9.901	2.55	6.34	6.34	25.5	NAN
10.001	2.58	5.805	5.805	25.8	NAN
10.101	2.61	4.945	4.945	26.1	NAN
10.201	2.64	3.945	3.945	26.4	NAN
10.301	2.67	2.995	2.995	26.7	NAN
10.401	2.685	2.185	2.185	26.85	NAN
10.501	2.715	1.6	1.6	27.15	NAN
10.601	2.745	1.235	1.235	27.45	NAN
10.701	2.76	1.055	1.055	27.6	NAN
10.801	2.79	1.1	1.1	27.9	NAN
10.901	2.805	1.27	1.27	28.05	NAN
11.001	2.835	1.61	1.61	28.35	NAN
11.101	2.865	2.185	2.185	28.65	NAN
11.201	2.895	2.9	2.9	28.95	NAN
11.301	2.91	3.815	3.815	29.1	NAN
11.401	2.94	4.875	4.875	29.4	NAN
11.501	2.97	6	6	29.7	NAN
11.601	3	6.94	6.94	30	NAN
11.701	3.03	7.675	7.675	30.3	NAN
11.801	3.045	8.05	8.05	30.45	NAN
11.901	3.075	8.05	8.05	30.75	NAN
12.001	3.09	7.53	7.53	30.9	NAN
12.101	3.12	6.73	6.73	31.2	NAN
12.201	3.15	5.805	5.805	31.5	NAN
12.301	3.165	4.905	4.905	31.65	NAN
12.401	3.195	4.665	4.665	31.95	NAN
12.501	3.195	4.665	4.665	31.95	NAN
12.601	3.195	4.67	4.67	31.95	NAN
12.701	3.195	4.6	4.6	31.95	NAN
12.801	3.195	4.605	4.605	31.95	NAN
12.901	3.195	4.615	4.615	31.95	NAN
13.001	3.195	4.625	4.625	31.95	NAN
13.101	3.195	4.68	4.68	31.95	NAN
13.201	3.195	4.68	4.68	31.95	NAN
13.301	3.195	4.685	4.685	31.95	NAN
13.401	3.195	4.75	4.75	31.95	NAN
13.501	3.195	4.695	4.695	31.95	NAN
13.601	3.195	4.695	4.695	31.95	NAN
13.701	3.195	4.7	4.7	31.95	NAN
13.801	3.195	4.7	4.7	31.95	NAN
13.901	3.195	4.64	4.64	31.95	NAN
14.001	3.195	4.61	4.61	31.95	NAN
14.101	3.195	4.635	4.635	31.95	NAN
14.201	3.195	4.615	4.615	31.95	NAN
14.301	3.195	4.7	4.7	31.95	NAN
14.401	3.195	4.715	4.715	31.95	NAN
14.501	3.195	4.705	4.705	31.95	NAN
14.601	3.195	4.7	4.7	31.95	NAN
14.701	3.195	4.795	4.795	31.95	NAN
14.801	3.195	4.73	4.73	31.95	NAN
14.901	3.195	4.7	4.7	31.95	NAN
