0	0.735	0.02	0.02	7.35	NAN
0.101	0.015	0	0	0.15	NAN
0.201	0.06	0.08	0.08	0.6	NAN
0.301	0.105	0.105	0.105	1.05	NAN
0.401	0.09	0.005	0.005	0.9	NAN
0.501	0.12	0.055	0.055	1.2	NAN
0.601	0.15	0.015	0.015	1.5	NAN
0.701	0.165	0.06	0.06	1.65	NAN
0.801	0.195	0.07	0.07	1.95	NAN
0.901	0.225	0.02	0.02	2.25	NAN
1.001	0.255	0.07	0.07	2.55	NAN
1.101	0.285	0.07	0.07	2.85	NAN
1.201	0.315	0.08	0.08	3.15	NAN
1.301	0.33	0.09	0.09	3.3	NAN
1.401	0.36	0.1	0.1	3.6	NAN
1.501	0.39	0.05	0.05	3.9	NAN
1.601	0.42	0.215	0.215	4.2	NAN
1.701	0.45	0.18	0.18	4.5	NAN
1.801	0.465	0.375	0.375	4.65	NAN
1.901	0.48	0.785	0.785	4.8	NAN
2.001	0.51	1.07	1.07	5.1	NAN
2.101	0.54	1.355	1.355	5.4	NAN
2.201	0.57	1.41	1.41	5.7	NAN
2.301	0.6	1.22	1.22	6	NAN
2.401	0.615	0.73	0.73	6.15	NAN
2.501	0.645	0.6	0.6	6.45	NAN
2.601	0.675	0.19	0.19	6.75	NAN
2.701	0.705	0.21	0.21	7.05	NAN
2.801	0.735	0.17	0.17	7.35	NAN
2.901	0.765	0.1	0.1	7.65	NAN
3.001	0.78	0.17	0.17	7.8	NAN
3.101	0.81	0.32	0.32	8.1	NAN
3.201	0.825	0.185	0.185	8.25	NAN
3.301	0.855	0.34	0.34	8.55	NAN
3.401	0.885	0.775	0.775	8.85	NAN
3.501	0.9	1.155	1.155	9	NAN
3.601	0.93	1.445	1.445	9.3	NAN
3.701	0.96	2.15	2.15	9.6	NAN
3.801	0.99	2.785	2.785	9.9	NAN
3.901	1.02	3.385	3.385	10.2	NAN
4.001	1.035	3.555	3.555	10.35	NAN
4.101	1.065	3.445	3.445	10.65	NAN
4.201	1.095	2.68	2.68	10.95	NAN
4.301	1.125	1.825	1.825	11.25	NAN
4.401	1.155	1.145	1.145	11.55	NAN
4.501	1.17	0.71	0.71	11.7	NAN
4.601	1.185	0.595	0.595	11.85	NAN
4.701	1.215	0.445	0.445	12.15	NAN
4.801	1.245	0.27	0.27	12.45	NAN
4.901	1.275	0.475	0.475	12.75	NAN
5.001	1.305	0.64	0.64	13.05	NAN
5.101	1.32	0.77	0.77	13.2	NAN
5.201	1.35	1.15	1.15	13.5	NAN
5.301	1.38	1.73	1.73	13.8	NAN
5.401	1.41	2.41	2.41	14.1	NAN
5.501	1.44	3.165	3.165	14.4	NAN
5.601	1.455	3.895	3.895	14.55	NAN
5.701	1.485	4.8	4.8	14.85	NAN
5.801	1.5	5.745	5.745	15	NAN
5.901	1.53	6.055	6.055	15.3	NAN
6.001	1.56	5.61	5.61	15.6	NAN
6.101	1.59	4.555	4.555	15.9	NAN
6.201	1.605	3.27	3.27	16.05	NAN
6.301	1.635	2.25	2.25	16.35	NAN
6.401	1.665	1.46	1.46	16.65	NAN
6.501	1.695	0.93	0.93	16.95	NAN
6.601	1.725	0.745	0.745	17.25	NAN
6.701	1.74	0.525	0.525	17.4	NAN
6.801	1.77	0.615	0.615	17.7	NAN
6.901	1.8	0.94	0.94	18	NAN
7.001	1.83	1.305	1.305	18.3	NAN
7.101	1.845	1.69	1.69	18.45	NAN
7.201	1.86	2.5	2.5	18.6	NAN
7.301	1.89	3.38	3.38	18.9	NAN
7.401	1.92	4.3	4.3	19.2	NAN
7.501	1.95	5.43	5.43	19.5	NAN
7.601	1.965	6.545	6.545	19.65	NAN
7.701	1.995	7.735	7.735	19.95	NAN
7.801	2.025	8.22	8.22	20.25	NAN
7.901	2.055	7.94	7.94	20.55	NAN
8.001	2.085	6.985	6.985	20.85	NAN
8.101	2.1	5.55	5.55	21	NAN
8.201	2.13	4.16	4.16	21.3	NAN
8.301	2.16	2.97	2.97	21.6	NAN
8.401	2.175	2.055	2.055	21.75	NAN
8.501	2.205	1.615	1.615	22.05	NAN
8.601	2.235	1.15	1.15	22.35	NAN
8.701	2.25	1.16	1.16	22.5	NAN
8.801	2.28	1.235	1.235	22.8	NAN
8.901	2.31	1.745	1.745	23.1	NAN
9.001	2.34	2.15	2.15	23.4	NAN
9.101	2.355	3.08	3.08	23.55	NAN
9.201	2.385	3.935	3.935	23.85	NAN
9.301	2.415	5.105	5.105	24.15	NAN
9.401	2.445	6.45	6.45	24.45	NAN
9.501	2.475	8.04	8.04	24.75	NAN
9.601	2.49	9.22	9.22	24.9	NAN
9.701	2.505	10.005	10.005	25.05	NAN
9.801	2.535	10.245	10.245	25.35	NAN
9.901	2.565	9.67	9.67	25.65	NAN
10.001	2.595	8.79	8.79	25.95	NAN
10.101	2.61	7.21	7.21	26.1	NAN
10.201	2.64	5.71	5.71	26.4	NAN
10.301	2.67	4.435	4.435	26.7	NAN
10.401	2.7	3.46	3.46	27	NAN
10.501	2.73	2.86	2.86	27.3	NAN
10.601	2.745	2.48	2.48	27.45	NAN
10.701	2.775	2.38	2.38	27.75	NAN
10.801	2.805	2.57	2.57	28.05	NAN
10.901	2.835	2.845	2.845	28.35	NAN
11.001	2.85	3.55	3.55	28.5	NAN
11.101	2.865	4.57	4.57	28.65	NAN
11.201	2.895	5.915	5.915	28.95	NAN
11.301	2.925	7.38	7.38	29.25	NAN
11.401	2.955	9.005	9.005	29.55	NAN
11.501	2.985	10.245	10.245	29.85	NAN
11.601	3	10.245	10.245	30	NAN
11.701	3.03	10.245	10.245	30.3	NAN
11.801	3.06	10.245	10.245	30.6	NAN
11.901	3.09	10.245	10.245	30.9	NAN
12.001	3.105	10.245	10.245	31.05	NAN
12.101	3.135	9.765	9.765	31.35	NAN
12.201	3.165	8.375	8.375	31.65	NAN
12.301	3.18	7.22	7.22	31.8	NAN
12.401	3.195	7.37	7.37	31.95	NAN
12.501	3.195	7.395	7.395	31.95	NAN
12.601	3.195	7.395	7.395	31.95	NAN
12.701	3.195	7.405	7.405	31.95	NAN
12.801	3.195	7.415	7.415	31.95	NAN
12.901	3.195	7.335	7.335	31.95	NAN
13.001	3.195	7.43	7.43	31.95	NAN
13.101	3.195	7.355	7.355	31.95	NAN
13.201	3.195	7.29	7.29	31.95	NAN
13.301	3.195	7.3	7.3	31.95	NAN
13.401	3.195	7.31	7.31	31.95	NAN
13.501	3.195	7.485	7.485	31.95	NAN
13.601	3.195	7.47	7.47	31.95	NAN
13.701	3.195	5.195	5.195	31.95	NAN
13.801	3.195	7.405	7.405	31.95	NAN
13.901	3.195	7.47	7.47	31.95	NAN
14.001	3.195	7.49	7.49	31.95	NAN
14.101	3.195	7.475	7.475	31.95	NAN
14.201	3.195	7.48	7.48	31.95	NAN
14.301	3.195	7.4	7.4	31.95	NAN
14.401	3.195	7.33	7.33	31.95	NAN
14.501	3.195	7.33	7.33	31.95	NAN
14.601	3.195	7.34	7.34	31.95	NAN
14.701	3.195	7.475	7.475	31.95	NAN
14.801	3.195	7.47	7.47	31.95	NAN
14.901	3.195	7.485	7.485	31.95	NAN
