0	0.405	-0.06	-0.06	4.05	NAN
0.1	0.015	-0.055	-0.055	0.15	NAN
0.2	0.03	-0.06	-0.06	0.3	NAN
0.3	0.045	-0.05	-0.05	0.45	NAN
0.4	0.075	-0.05	-0.05	0.75	NAN
0.5	0.12	-0.055	-0.055	1.2	NAN
0.6	0.15	-0.055	-0.055	1.5	NAN
0.7	0.165	-0.055	-0.055	1.65	NAN
0.8	0.195	-0.05	-0.05	1.95	NAN
0.9	0.21	-0.05	-0.05	2.1	NAN
1	0.24	-0.055	-0.055	2.4	NAN
1.1	0.27	-0.055	-0.055	2.7	NAN
1.2	0.3	-0.055	-0.055	3	NAN
1.3	0.33	-0.055	-0.055	3.3	NAN
1.4	0.345	-0.055	-0.055	3.45	NAN
1.5	0.375	-0.05	-0.05	3.75	NAN
1.6	0.39	-0.05	-0.05	3.9	NAN
1.7	0.42	-0.045	-0.045	4.2	NAN
1.8	0.45	-0.045	-0.045	4.5	NAN
1.9	0.465	-0.025	-0.025	4.65	NAN
2	0.495	0.015	0.015	4.95	NAN
2.1	0.525	0.09	0.09	5.25	NAN
2.2	0.555	0.135	0.135	5.55	NAN
2.3	0.585	0.2	0.2	5.85	NAN
2.4	0.6	0.08	0.08	6	NAN
2.5	0.63	0.01	0.01	6.3	NAN
2.6	0.66	-0.02	-0.02	6.6	NAN
2.7	0.69	-0.04	-0.04	6.9	NAN
2.8	0.72	-0.05	-0.05	7.2	NAN
2.9	0.72	-0.06	-0.06	7.2	NAN
3	0.75	-0.05	-0.05	7.5	NAN
3.1	0.78	-0.055	-0.055	7.8	NAN
3.2	0.81	-0.055	-0.055	8.1	NAN
3.3	0.84	-0.05	-0.05	8.4	NAN
3.4	0.87	-0.035	-0.035	8.7	NAN
3.5	0.885	0.01	0.01	8.85	NAN
3.6	0.915	0.1	0.1	9.15	NAN
3.7	0.945	0.27	0.27	9.45	NAN
3.8	0.975	0.52	0.52	9.75	NAN
3.9	0.99	0.795	0.795	9.9	NAN
4	1.02	0.975	0.975	10.2	NAN
4.1	1.05	1.08	1.08	10.5	NAN
4.2	1.08	0.97	0.97	10.8	NAN
4.3	1.095	0.575	0.575	10.95	NAN
4.4	1.125	0.225	0.225	11.25	NAN
4.5	1.14	0.03	0.03	11.4	NAN
4.6	1.17	-0.01	-0.01	11.7	NAN
4.7	1.2	-0.035	-0.035	12	NAN
4.8	1.23	-0.045	-0.045	12.3	NAN
4.9	1.245	-0.05	-0.05	12.45	NAN
5	1.275	-0.04	-0.04	12.75	NAN
5.1	1.305	-0.035	-0.035	13.05	NAN
5.2	1.335	-0.02	-0.02	13.35	NAN
5.3	1.365	0.02	0.02	13.65	NAN
5.4	1.38	0.16	0.16	13.8	NAN
5.5	1.41	0.42	0.42	14.1	NAN
5.6	1.425	0.755	0.755	14.25	NAN
5.7	1.455	1.195	1.195	14.55	NAN
5.8	1.485	1.62	1.62	14.85	NAN
5.9	1.5	1.96	1.96	15	NAN
6	1.53	2.08	2.08	15.3	NAN
6.1	1.56	1.895	1.895	15.6	NAN
6.2	1.59	1.42	1.42	15.9	NAN
6.3	1.62	0.885	0.885	16.2	NAN
6.4	1.635	0.42	0.42	16.35	NAN
6.5	1.665	0.13	0.13	16.65	NAN
6.6	1.695	0.005	0.005	16.95	NAN
6.7	1.725	-0.025	-0.025	17.25	NAN
6.8	1.755	-0.04	-0.04	17.55	NAN
6.9	1.77	-0.03	-0.03	17.7	NAN
7	1.785	0.005	0.005	17.85	NAN
7.1	1.815	0.05	0.05	18.15	NAN
7.2	1.845	0.18	0.18	18.45	NAN
7.3	1.875	0.455	0.455	18.75	NAN
7.4	1.89	0.8	0.8	18.9	NAN
7.5	1.92	1.17	1.17	19.2	NAN
7.6	1.95	1.67	1.67	19.5	NAN
7.7	1.98	2.225	2.225	19.8	NAN
7.8	1.995	2.655	2.655	19.95	NAN
7.9	2.025	2.895	2.895	20.25	NAN
8	2.055	2.795	2.795	20.55	NAN
8.1	2.085	2.515	2.515	20.85	NAN
8.2	2.1	2.045	2.045	21	NAN
8.3	2.13	1.465	1.465	21.3	NAN
8.4	2.145	0.895	0.895	21.45	NAN
8.5	2.175	0.51	0.51	21.75	NAN
8.6	2.205	0.285	0.285	22.05	NAN
8.7	2.235	0.06	0.06	22.35	NAN
8.8	2.25	0.03	0.03	22.5	NAN
8.9	2.28	0.04	0.04	22.8	NAN
9	2.31	0.13	0.13	23.1	NAN
9.1	2.34	0.285	0.285	23.4	NAN
9.2	2.37	0.6	0.6	23.7	NAN
9.3	2.385	1.08	1.08	23.85	NAN
9.4	2.415	1.56	1.56	24.15	NAN
9.5	2.43	2.14	2.14	24.3	NAN
9.6	2.46	2.72	2.72	24.6	NAN
9.7	2.49	3.31	3.31	24.9	NAN
9.8	2.505	3.685	3.685	25.05	NAN
9.9	2.535	3.785	3.785	25.35	NAN
10	2.565	3.645	3.645	25.65	NAN
10.1	2.595	3.285	3.285	25.95	NAN
10.2	2.61	2.67	2.67	26.1	NAN
10.3	2.64	2.075	2.075	26.4	NAN
10.4	2.67	1.675	1.675	26.7	NAN
10.5	2.7	1.24	1.24	27	NAN
10.6	2.73	0.875	0.875	27.3	NAN
10.7	2.745	0.71	0.71	27.45	NAN
10.8	2.76	0.565	0.565	27.6	NAN
10.9	2.79	0.575	0.575	27.9	NAN
11	2.82	0.605	0.605	28.2	NAN
11.1	2.85	0.835	0.835	28.5	NAN
11.2	2.865	1.195	1.195	28.65	NAN
11.3	2.895	1.685	1.685	28.95	NAN
11.4	2.925	2.3	2.3	29.25	NAN
11.5	2.955	2.96	2.96	29.55	NAN
11.6	2.985	3.69	3.69	29.85	NAN
11.7	3	4.345	4.345	30	NAN
11.8	3.03	4.715	4.715	30.3	NAN
11.9	3.06	4.865	4.865	30.6	NAN
12	3.075	4.75	4.75	30.75	NAN
12.1	3.105	4.395	4.395	31.05	NAN
12.2	3.12	3.85	3.85	31.2	NAN
12.3	3.15	3.26	3.26	31.5	NAN
12.4	3.18	2.755	2.755	31.8	NAN
12.5	3.195	2.76	2.76	31.95	NAN
12.6	3.195	2.765	2.765	31.95	NAN
12.7	3.195	2.765	2.765	31.95	NAN
12.8	3.195	2.905	2.905	31.95	NAN
12.9	3.195	2.86	2.86	31.95	NAN
13	3.195	2.865	2.865	31.95	NAN
13.1	3.195	2.855	2.855	31.95	NAN
13.2	3.195	2.86	2.86	31.95	NAN
13.3	3.195	2.79	2.79	31.95	NAN
13.4	3.195	2.775	2.775	31.95	NAN
13.5	3.195	2.785	2.785	31.95	NAN
13.6	3.195	2.84	2.84	31.95	NAN
13.7	3.195	2.86	2.86	31.95	NAN
13.8	3.195	2.785	2.785	31.95	NAN
13.9	3.195	2.87	2.87	31.95	NAN
14	3.195	2.89	2.89	31.95	NAN
14.1	3.195	2.875	2.875	31.95	NAN
14.2	3.195	2.875	2.875	31.95	NAN
14.3	3.195	2.88	2.88	31.95	NAN
14.4	3.195	2.96	2.96	31.95	NAN
14.5	3.195	2.805	2.805	31.95	NAN
14.6	3.195	2.865	2.865	31.95	NAN
14.7	3.195	2.765	2.765	31.95	NAN
14.8	3.195	2.8	2.8	31.95	NAN
14.9	3.195	2.805	2.805	31.95	NAN
15	3.195	2.815	2.815	31.95	NAN
