0	0.75	0.02	0.02	7.5	NAN
0.1	0.015	0.06	0.06	0.15	NAN
0.2	0.09	0.045	0.045	0.9	NAN
0.3	0.075	0.12	0.12	0.75	NAN
0.4	0.09	0.045	0.045	0.9	NAN
0.5	0.12	0.05	0.05	1.2	NAN
0.6	0.15	0.05	0.05	1.5	NAN
0.7	0.165	0.005	0.005	1.65	NAN
0.8	0.195	0.07	0.07	1.95	NAN
0.9	0.225	0.06	0.06	2.25	NAN
1	0.255	0.085	0.085	2.55	NAN
1.1	0.285	0.015	0.015	2.85	NAN
1.2	0.315	0.08	0.08	3.15	NAN
1.3	0.33	0.095	0.095	3.3	NAN
1.4	0.36	0.1	0.1	3.6	NAN
1.5	0.39	0.14	0.14	3.9	NAN
1.6	0.42	0.14	0.14	4.2	NAN
1.7	0.435	0.065	0.065	4.35	NAN
1.8	0.465	0.305	0.305	4.65	NAN
1.9	0.495	0.495	0.495	4.95	NAN
2	0.51	0.71	0.71	5.1	NAN
2.1	0.54	0.885	0.885	5.4	NAN
2.2	0.57	0.79	0.79	5.7	NAN
2.3	0.6	0.64	0.64	6	NAN
2.4	0.63	0.545	0.545	6.3	NAN
2.5	0.645	0.34	0.34	6.45	NAN
2.6	0.675	0.225	0.225	6.75	NAN
2.7	0.705	0.15	0.15	7.05	NAN
2.8	0.735	0.13	0.13	7.35	NAN
2.9	0.765	0.245	0.245	7.65	NAN
3	0.78	0.255	0.255	7.8	NAN
3.1	0.795	0.24	0.24	7.95	NAN
3.2	0.825	0.355	0.355	8.25	NAN
3.3	0.855	0.385	0.385	8.55	NAN
3.4	0.885	0.58	0.58	8.85	NAN
3.5	0.915	0.89	0.89	9.15	NAN
3.6	0.93	1.04	1.04	9.3	NAN
3.7	0.96	1.515	1.515	9.6	NAN
3.8	0.99	1.74	1.74	9.9	NAN
3.9	1.02	2.22	2.22	10.2	NAN
4	1.05	2.39	2.39	10.5	NAN
4.1	1.065	2.06	2.06	10.65	NAN
4.2	1.095	1.74	1.74	10.95	NAN
4.3	1.125	1.145	1.145	11.25	NAN
4.4	1.14	0.795	0.795	11.4	NAN
4.5	1.17	0.525	0.525	11.7	NAN
4.6	1.185	0.355	0.355	11.85	NAN
4.7	1.215	0.195	0.195	12.15	NAN
4.8	1.245	0.21	0.21	12.45	NAN
4.9	1.275	0.245	0.245	12.75	NAN
5	1.305	0.48	0.48	13.05	NAN
5.1	1.32	0.69	0.69	13.2	NAN
5.2	1.35	0.91	0.91	13.5	NAN
5.3	1.38	1.26	1.26	13.8	NAN
5.4	1.41	1.495	1.495	14.1	NAN
5.5	1.44	2.055	2.055	14.4	NAN
5.6	1.455	2.465	2.465	14.55	NAN
5.7	1.485	3.15	3.15	14.85	NAN
5.8	1.5	3.62	3.62	15	NAN
5.9	1.53	3.78	3.78	15.3	NAN
6	1.56	3.525	3.525	15.6	NAN
6.1	1.59	2.81	2.81	15.9	NAN
6.2	1.605	2.115	2.115	16.05	NAN
6.3	1.635	1.46	1.46	16.35	NAN
6.4	1.665	0.88	0.88	16.65	NAN
6.5	1.695	0.695	0.695	16.95	NAN
6.6	1.725	0.39	0.39	17.25	NAN
6.7	1.74	0.475	0.475	17.4	NAN
6.8	1.77	0.555	0.555	17.7	NAN
6.9	1.8	0.6	0.6	18	NAN
7	1.83	1.12	1.12	18.3	NAN
7.1	1.845	1.14	1.14	18.45	NAN
7.2	1.86	1.725	1.725	18.6	NAN
7.3	1.89	2.215	2.215	18.9	NAN
7.4	1.92	2.81	2.81	19.2	NAN
7.5	1.95	3.375	3.375	19.5	NAN
7.6	1.965	4.075	4.075	19.65	NAN
7.7	1.995	4.675	4.675	19.95	NAN
7.8	2.025	4.985	4.985	20.25	NAN
7.9	2.055	4.825	4.825	20.55	NAN
8	2.085	4.18	4.18	20.85	NAN
8.1	2.1	3.42	3.42	21	NAN
8.2	2.13	2.555	2.555	21.3	NAN
8.3	2.145	1.83	1.83	21.45	NAN
8.4	2.175	1.43	1.43	21.75	NAN
8.5	2.205	0.96	0.96	22.05	NAN
8.6	2.22	0.8	0.8	22.2	NAN
8.7	2.25	0.795	0.795	22.5	NAN
8.8	2.28	0.875	0.875	22.8	NAN
8.9	2.31	1.26	1.26	23.1	NAN
9	2.34	1.485	1.485	23.4	NAN
9.1	2.355	1.955	1.955	23.55	NAN
9.2	2.385	2.54	2.54	23.85	NAN
9.3	2.415	3.19	3.19	24.15	NAN
9.4	2.445	3.985	3.985	24.45	NAN
9.5	2.475	4.985	4.985	24.75	NAN
9.6	2.475	5.77	5.77	24.75	NAN
9.7	2.505	6.27	6.27	25.05	NAN
9.8	2.535	6.18	6.18	25.35	NAN
9.9	2.565	5.99	5.99	25.65	NAN
10	2.595	5.235	5.235	25.95	NAN
10.1	2.61	4.4	4.4	26.1	NAN
10.2	2.64	3.58	3.58	26.4	NAN
10.3	2.67	2.775	2.775	26.7	NAN
10.4	2.7	2.14	2.14	27	NAN
10.5	2.73	1.9	1.9	27.3	NAN
10.6	2.745	1.56	1.56	27.45	NAN
10.7	2.775	1.54	1.54	27.75	NAN
10.8	2.805	1.73	1.73	28.05	NAN
10.9	2.82	1.98	1.98	28.2	NAN
11	2.85	2.495	2.495	28.5	NAN
11.1	2.865	3.035	3.035	28.65	NAN
11.2	2.895	3.76	3.76	28.95	NAN
11.3	2.925	4.605	4.605	29.25	NAN
11.4	2.955	5.475	5.475	29.55	NAN
11.5	2.97	6.3	6.3	29.7	NAN
11.6	3	7.175	7.175	30	NAN
11.7	3.03	7.65	7.65	30.3	NAN
11.8	3.06	7.695	7.695	30.6	NAN
11.9	3.09	7.24	7.24	30.9	NAN
12	3.105	6.755	6.755	31.05	NAN
12.1	3.135	5.83	5.83	31.35	NAN
12.2	3.15	5.02	5.02	31.5	NAN
12.3	3.18	4.64	4.64	31.8	NAN
12.4	3.195	4.555	4.555	31.95	NAN
12.5	3.195	4.445	4.445	31.95	NAN
12.6	3.195	4.475	4.475	31.95	NAN
12.7	3.195	4.48	4.48	31.95	NAN
12.8	3.195	4.565	4.565	31.95	NAN
12.9	3.195	4.59	4.59	31.95	NAN
13	3.195	4.585	4.585	31.95	NAN
13.1	3.195	4.58	4.58	31.95	NAN
13.2	3.195	4.585	4.585	31.95	NAN
13.3	3.195	4.58	4.58	31.95	NAN
13.4	3.195	4.58	4.58	31.95	NAN
13.5	3.195	4.43	4.43	31.95	NAN
13.6	3.195	4.68	4.68	31.95	NAN
13.7	3.195	4.49	4.49	31.95	NAN
13.8	3.195	4.485	4.485	31.95	NAN
13.9	3.195	4.495	4.495	31.95	NAN
14	3.195	4.61	4.61	31.95	NAN
14.1	3.195	4.46	4.46	31.95	NAN
14.2	3.195	4.45	4.45	31.95	NAN
14.3	3.195	4.59	4.59	31.95	NAN
14.4	3.195	4.595	4.595	31.95	NAN
14.5	3.195	4.6	4.6	31.95	NAN
14.6	3.195	4.445	4.445	31.95	NAN
14.7	3.195	4.66	4.66	31.95	NAN
14.8	3.195	4.6	4.6	31.95	NAN
14.9	3.195	4.49	4.49	31.95	NAN
15	3.195	4.425	4.425	31.95	NA
